10,270
10,88
10,304
10,210
10,114
10,24
10,236
10,164
11,28
9,7
9,4
9,6
9,2
9,3
51,4
51,3
51,2
51,1
51,0
50,3
50,2
50,1
50,0
49,2
49,0
48,5
48,4
48,3
48,2
48,1
48,0
47,4
47,3
47,2
47,1
47,0
8,10
45,5
8,8
45,4
45,3
45,2
45,1
8,17
45,0
42,5
42,4
42,3
42,2
42,1
38,3
38,1
36,3
36,1
31,3
31,1
28,3
28,1
12,3
12,2
12,1
11,29
11,27
11,26
11,25
11,24
11,23
11,22
11,21
11,20
11,19
11,17
11,16
11,15
11,13
11,12
11,11
11,10
11,9
11,8
11,6
11,5
11,3
11,2
11,1
10,311
10,310
10,300
20,2
10,296
20,1
10,293
20,3
10,285
10,284
10,281
10,276
10,246
10,213
19,2
19,1
19,3
10,159
10,139
10,129
10,73
10,11
10,1
